PC     | invoke time | backward | ir_cnt | loop
0x10288| 9062        | 0        | 117    | 0     
0x10290| 7216        | 0        | 703    | 0     
0x102a4| 9061        | 0        | 117    | 0     
0x102ac| 7216        | 0        | 735    | 0     
0x10c98| 55330       | 0        | 235    | 0     
0x10ca4| 238669      | 0        | 130    | 0     
0x10ccc| 1813611     | 0        | 532    | 0     
0x10cdc| 603081      | 0        | 10     | 0     
0x10d24| 238668      | 0        | 124    | 0     
0x10d4c| 1572382     | 0        | 9      | 0     
0x10dc0| 240172      | 0        | 127    | 0     
0x10ddc| 94493       | 0        | 150    | 0     
0x10dfc| 240171      | 0        | 124    | 0     
0x10e98| 7790        | 0        | 698    | 0     
0x11020| 6539939     | 1        | 122    | 0     
0x1102c| 238125      | 0        | 189    | 0     
0x110cc| 7703        | 1        | 184    | 1     
0x11190| 26592       | 1        | 69     | 0     
0x111d8| 7024379     | 1        | 122    | 0     
0x111e4| 238125      | 0        | 5      | 0     
0x11248| 1538099     | 1        | 157    | 1     
0x11254| 26346       | 0        | 612    | 1     
0x11264| 11705692    | 0        | 612    | 1     
0x11278| 7198077     | 1        | 172    | 1     
0x112a0| 480331      | 1        | 565    | 1     
0x112c0| 13451124    | 1        | 181    | 0     
0x112c4| 6127830     | 1        | 185    | 0     
0x112d8| 480379      | 0        | 612    | 1     
0x11308| 242219      | 1        | 122    | 0     
0x118a0| 105905      | 0        | 117    | 0     
0x118a8| 109999      | 1        | 702    | 0     
0x118b8| 105905      | 0        | 117    | 0     
0x118c0| 105905      | 0        | 710    | 0     
0x1196c| 7223        | 1        | 5      | 1     
0x11a74| 484439      | 1        | 21     | 0     
0x11ab0| 4359959     | 1        | 22     | 0     
0x11ac0| 480345      | 0        | 140    | 0     
0x11b34| 36401       | 1        | 20     | 0     
0x11b44| 484439      | 1        | 26     | 0     
0x11b90| 39239639    | 1        | 24     | 0     
0x11ba4| 4359959     | 1        | 26     | 0     
0x11bb4| 480345      | 0        | 146    | 0     
0x11bec| 4246        | 1        | 14     | 1     
0x11c38| 484439      | 1        | 34     | 0     
0x11c98| 39239639    | 1        | 32     | 0     
0x11cac| 4359959     | 1        | 34     | 0     
0x11cbc| 480345      | 0        | 141    | 0     
0x11d30| 36401       | 1        | 21     | 0     
0x11d40| 484439      | 1        | 15     | 0     
0x11d6c| 4359959     | 1        | 18     | 0     
0x11d78| 480345      | 0        | 6      | 0     
0x11e18| 482392      | 0        | 119    | 0     
0x12498| 52315425    | 0        | 136    | 0     
0x124a4| 13560225    | 0        | 8      | 0     
0x12548| 1449455     | 0        | 6      | 0     
0x12564| 9685239     | 0        | 87     | 0     
0x1269c| 10657679    | 1        | 4      | 0     
0x126bc| 8715825     | 0        | 90     | 0     
0x127f8| 62008319    | 1        | 48     | 0     
0x1281c| 480345      | 0        | 149    | 0     
0x12868| 62008319    | 1        | 139    | 0     
0x1288c| 480345      | 0        | 253    | 0     
0x128d4| 3871779     | 0        | 233    | 0     
0x128e4| 3875519     | 1        | 235    | 0     
0x128ec| 480345      | 0        | 3      | 0     
0x12ba8| 16386       | 0        | 115    | 1     
0x1328c| 6974        | 0        | 115    | 1     
hotspot && invoke time >= 4096 = 67
backward = 29
loop = 11
ir_cnt <= 50 = 23
50 < ir_cnt <= 100 = 3
100 < ir_cnt <= 200 = 27
ir_cnt > 200 = 14
