PC     | invoke time | backward | ir_cnt | loop
0x103dc| 1046527     | 1        | 314    | 0     
0x10724| 9624993     | 0        | 333    | 0     
0x10730| 9624993     | 0        | 333    | 0     
0x1073c| 9624993     | 0        | 311    | 0     
0x10750| 9624993     | 0        | 314    | 0     
0x10774| 9624993     | 0        | 335    | 0     
0x10788| 9624993     | 0        | 337    | 0     
0x107bc| 9624993     | 0        | 332    | 0     
0x107c8| 9624993     | 0        | 333    | 0     
0x107d4| 9624993     | 0        | 309    | 0     
0x107e0| 9624993     | 0        | 313    | 0     
0x107fc| 9624993     | 0        | 335    | 0     
0x10810| 9629087     | 1        | 337    | 0     
0x10828| 196511      | 0        | 348    | 0     
0x10890| 397117      | 0        | 334    | 0     
0x108a4| 397117      | 0        | 332    | 0     
0x108b0| 397117      | 0        | 309    | 0     
0x108bc| 397117      | 0        | 312    | 0     
0x108d8| 397117      | 0        | 335    | 0     
0x108ec| 401211      | 1        | 336    | 0     
0x108f8| 196511      | 0        | 407    | 0     
0x10ee4| 12274       | 0        | 334    | 0     
0x10f80| 81910905    | 0        | 335    | 0     
0x10f94| 81914999    | 1        | 317    | 0     
0x10fa0| 16382999    | 1        | 341    | 0     
0x10fe4| 16382       | 1        | 36     | 0     
0x112e0| 12699       | 1        | 28     | 0     
0x11384| 626591      | 0        | 75     | 0     
0x113d8| 8540        | 0        | 101    | 0     
0x114c4| 12572       | 1        | 318    | 0     
0x114f4| 628649      | 1        | 317    | 0     
0x11504| 8478        | 0        | 330    | 0     
0x11574| 41696355    | 0        | 360    | 0     
0x11588| 41700449    | 1        | 313    | 0     
0x11594| 628649      | 1        | 323    | 0     
0x115a0| 12572       | 1        | 60     | 0     
0x11b0c| 6956        | 0        | 61     | 0     
0x11b24| 8171        | 0        | 1071   | 0     
0x11b30| 7945        | 0        | 314    | 0     
0x11b54| 6128        | 0        | 1069   | 0     
0x11b58| 8065        | 0        | 310    | 0     
0x11b64| 6128        | 0        | 334    | 0     
0x11b74| 6127        | 0        | 365    | 0     
0x11bbc| 1042211     | 0        | 362    | 0     
0x11be0| 1042369     | 0        | 335    | 0     
0x11bfc| 1042306     | 0        | 337    | 0     
0x11c20| 1045505     | 1        | 273    | 0     
0x11c38| 6125        | 0        | 386    | 0     
0x11c6c| 1021993     | 0        | 313    | 0     
0x11c8c| 1031195     | 0        | 315    | 0     
0x11cb0| 1031195     | 0        | 335    | 0     
0x11cc4| 1031193     | 0        | 361    | 0     
0x11cd8| 1031195     | 0        | 316    | 0     
0x11cfc| 1031195     | 0        | 314    | 0     
0x11d18| 1031195     | 0        | 361    | 0     
0x11d2c| 1031196     | 0        | 335    | 0     
0x11d40| 1031207     | 0        | 325    | 0     
0x11d94| 4183044     | 0        | 314    | 0     
0x11db0| 4183691     | 0        | 316    | 0     
0x11dd4| 4183691     | 0        | 315    | 0     
0x11df8| 4183690     | 0        | 335    | 0     
0x11e0c| 4183606     | 0        | 336    | 0     
0x11e28| 4183608     | 0        | 359    | 0     
0x11e34| 4183805     | 0        | 361    | 0     
0x11e50| 4183803     | 0        | 335    | 0     
0x11e6c| 4183605     | 0        | 359    | 0     
0x11e78| 4183805     | 0        | 337    | 0     
0x11e9c| 4187133     | 1        | 303    | 0     
0x11ec0| 1035285     | 1        | 72     | 0     
0x12038| 5407        | 0        | 310    | 0     
0x12044| 7574        | 1        | 77     | 0     
0x12188| 5287        | 0        | 72     | 0     
0x121a8| 14729       | 0        | 310    | 0     
0x121b4| 18823       | 1        | 77     | 0     
0x1352c| 13283       | 0        | 314    | 0     
0x1353c| 13283       | 0        | 315    | 0     
0x13554| 13283       | 0        | 360    | 0     
0x13564| 13283       | 0        | 310    | 0     
0x1356c| 13283       | 0        | 334    | 0     
0x1357a| 13281       | 0        | 310    | 0     
0x13582| 13283       | 0        | 360    | 0     
0x13592| 13283       | 0        | 310    | 0     
0x1359a| 13283       | 0        | 334    | 0     
0x135a8| 13281       | 0        | 315    | 0     
0x135bc| 13283       | 0        | 360    | 0     
0x135cc| 13283       | 0        | 310    | 0     
0x135d4| 13283       | 0        | 333    | 0     
0x135da| 13281       | 0        | 18     | 0     
0x1391e| 97008       | 0        | 330    | 1     
0x139e0| 12312240    | 0        | 50     | 0     
0x13a2a| 4630        | 0        | 35     | 1     
0x14130| 116085      | 0        | 307    | 0     
0x1467a| 55896       | 0        | 356    | 0     
0x14738| 168046      | 0        | 38     | 1     
0x14746| 16099495    | 0        | 51     | 0     
0x147a6| 33037       | 0        | 26     | 1     
0x1485c| 33554       | 0        | 51     | 1     
0x149c0| 98803       | 1        | 47     | 1     
0x149ce| 11241       | 1        | 31     | 0     
0x14d8a| 155344      | 1        | 129    | 0     
0x14e14| 7171        | 0        | 58     | 1     
0x14e32| 37306       | 0        | 30     | 0     
0x14e82| 4750        | 0        | 31     | 1     
0x20552| 20756       | 0        | 130    | 0     
0x2055a| 8483        | 0        | 230    | 0     
hotspot && invoke time >= 4096 = 105
backward = 20
loop = 8
ir_cnt <= 50 = 11
50 < ir_cnt <= 100 = 10
100 < ir_cnt <= 200 = 3
ir_cnt > 200 = 81
